0000000000000000
0000000001100111
0000000010110011
0000000011010001
0000000010111110
0000000010000110
0000000001000001
0000000000000111
1111111111101011
1111111111110000
0000000000010000
0000000000110111
0000000001010100
0000000001011010
0000000001001000
0000000000101100
0000000000011000
0000000000011101
0000000001000100
0000000010001001
0000000011011000
0000000100011010
0000000100110111
0000000100100010
0000000011011111
0000000010000000
0000000000100000
1111111111011011
1111111111000100
1111111111011101
0000000000011010
0000000001100100
0000000010100010
0000000011000010
0000000010111111
0000000010100010
0000000001111100
0000000001100000
0000000001011010
0000000001101011
0000000010000110
0000000010011000
0000000010010000
0000000001100101
0000000000011100
1111111111001000
1111111110000001
1111111101011110
1111111101101100
1111111110101000
1111111111111111
0000000001010111
0000000010010011
0000000010100001
0000000001111110
0000000000110111
1111111111100011
1111111110011010
1111111101101111
1111111101100111
1111111101111001
1111111110010100
1111111110100101
1111111110011111
1111111110000011
1111111101011101
1111111101000000
1111111100111101
1111111101011101
1111111110011011
1111111111100101
0000000000100010
0000000000111011
0000000000100100
1111111111011111
1111111101111111
1111111100100000
1111111011011101
1111111011001000
1111111011100101
1111111100100111
1111111101110110
1111111110111011
1111111111100010
1111111111100111
1111111111010011
1111111110110111
1111111110100101
1111111110101011
1111111111001000
1111111111101111
0000000000001111
0000000000010100
1111111111111000
1111111110111110
1111111101111001
1111111101000001
1111111100101110
1111111101001100
1111111110011000
1111111111111111
0000000001100111
0000000010110011
0000000011010001
0000000010111110
0000000010000110
0000000001000001
0000000000000111
1111111111101011
1111111111110000
0000000000010000
0000000000110111
0000000001010100
0000000001011010
0000000001001000
0000000000101100
0000000000011000
0000000000011101
0000000001000100
0000000010001001
0000000011011000
0000000100011010
0000000100110111
0000000100100010
0000000011011111
0000000001111111
0000000000100000
1111111111011011
1111111111000100
1111111111011101
0000000000011010
0000000001100100
0000000010100010
0000000011000010
0000000010111111
0000000010100010
0000000001111100
0000000001100000
0000000001011010
0000000001101011
0000000010000110
0000000010011000
0000000010010000
0000000001100101
0000000000011100
1111111111001000
1111111110000001
1111111101011110
1111111101101100
1111111110101000
0000000000000000
0000000001010111
0000000010010011
0000000010100001
0000000001111110
0000000000110111
1111111111100011
1111111110011010
1111111101101111
1111111101100111
1111111101111001
1111111110010100
1111111110100101
1111111110011111
1111111110000011
1111111101011101
1111111101000000
1111111100111101
1111111101011101
1111111110011011
1111111111100101
0000000000100010
0000000000111011
0000000000100100
1111111111011111
1111111110000000
1111111100100000
1111111011011101
1111111011001000
1111111011100101
1111111100100111
1111111101110110
1111111110111011
1111111111100010
1111111111100111
1111111111010011
1111111110110111
1111111110100101
1111111110101011
1111111111001000
1111111111101111
0000000000001111
0000000000010100
1111111111111000
1111111110111110
1111111101111001
1111111101000001
1111111100101110
1111111101001100
1111111110011000
1111111111111111
0000000001100111
0000000010110011
0000000011010001
0000000010111110
0000000010000110
0000000001000001
0000000000000111
1111111111101011
1111111111110000
0000000000010000
0000000000110111
0000000001010100
0000000001011010
0000000001001000
0000000000101100
0000000000011000
0000000000011101
0000000001000100
0000000010001001
0000000011011000
0000000100011010
0000000100110111
0000000100100010
0000000011011111
0000000001111111
0000000000100000
1111111111011011
1111111111000100
1111111111011101
0000000000011010
0000000001100100
0000000010100010
0000000011000010
0000000010111111
0000000010100010
0000000001111100
0000000001100000
0000000001011010
0000000001101011
0000000010000110
0000000010011000
0000000010010000
0000000001100101
0000000000011100
1111111111001000
1111111110000001
1111111101011110
1111111101101100
1111111110101000
1111111111111111
0000000001010111
0000000010010011
0000000010100001
0000000001111110
0000000000110111
1111111111100011
1111111110011010
1111111101101111
1111111101100111
1111111101111001
1111111110010100
1111111110100101
1111111110011111
1111111110000011
1111111101011101
1111111101000000
1111111100111101
1111111101011101
1111111110011011
1111111111100101
0000000000100010
0000000000111011
0000000000100100
1111111111011111
1111111110000000
1111111100100000
1111111011011101
1111111011001000
1111111011100101
1111111100100111
1111111101110110
1111111110111011
1111111111100010
1111111111100111
1111111111010011
1111111110110111
1111111110100101
1111111110101011
1111111111001000
1111111111101111
0000000000001111
0000000000010100
1111111111111000
1111111110111110
1111111101111001
1111111101000001
1111111100101110
1111111101001100
1111111110011000
1111111111111111
0000000001100111
0000000010110011
0000000011010001
0000000010111110
0000000010000110
0000000001000001
0000000000000111
1111111111101011
1111111111110000
0000000000010000
0000000000110111
0000000001010100
0000000001011010
0000000001001000
0000000000101100
0000000000011000
0000000000011101
0000000001000100
0000000010001001
0000000011011000
0000000100011010
0000000100110111
0000000100100010
0000000011011111
0000000010000000
0000000000100000
1111111111011011
1111111111000100
1111111111011101
0000000000011010
0000000001100100
0000000010100010
0000000011000010
0000000010111111
0000000010100010
0000000001111100
0000000001100000
0000000001011010
0000000001101011
0000000010000110
0000000010011000
0000000010010000
0000000001100101
0000000000011100
1111111111001000
1111111110000001
1111111101011110
1111111101101100
1111111110101000
1111111111111111
0000000001010111
0000000010010011
0000000010100001
0000000001111110
0000000000110111
1111111111100011
1111111110011010
1111111101101111
1111111101100111
1111111101111001
1111111110010100
1111111110100101
1111111110011111
1111111110000011
1111111101011101
1111111101000000
1111111100111101
1111111101011101
1111111110011011
1111111111100101
0000000000100010
0000000000111011
0000000000100100
1111111111011111
1111111110000000
1111111100100000
1111111011011101
1111111011001000
1111111011100101
1111111100100111
1111111101110110
1111111110111011
1111111111100010
1111111111100111
1111111111010011
1111111110110111
1111111110100101
1111111110101011
1111111111001000
1111111111101111
0000000000001111
0000000000010100
1111111111111000
1111111110111110
1111111101111001
1111111101000001
1111111100101110
1111111101001100
1111111110011000
1111111111111111
0000000001100111
0000000010110011
0000000011010001
0000000010111110
0000000010000110
0000000001000001
0000000000000111
1111111111101011
1111111111110000
0000000000010000
0000000000110111
0000000001010100
0000000001011010
0000000001001000
0000000000101100
0000000000011000
0000000000011101
0000000001000100
0000000010001001
0000000011011000
0000000100011010
0000000100110111
0000000100100010
0000000011011111
0000000010000000
0000000000100000
1111111111011011
1111111111000100
1111111111011101
0000000000011010
0000000001100100
0000000010100010
0000000011000010
0000000010111111
0000000010100010
0000000001111100
0000000001100000
0000000001011010
0000000001101011
0000000010000110
0000000010011000
0000000010010000
0000000001100101
0000000000011100
1111111111001000
1111111110000001
1111111101011110
1111111101101100
1111111110101000
1111111111111111
0000000001010111
0000000010010011
0000000010100001
0000000001111110
0000000000110111
1111111111100011
1111111110011010
1111111101101111
1111111101100111
1111111101111001
1111111110010100
1111111110100101
1111111110011111
1111111110000011
1111111101011101
1111111101000000
1111111100111101
1111111101011101
1111111110011011
1111111111100101
0000000000100010
0000000000111011
0000000000100100
1111111111011111
1111111110000000
1111111100100000
1111111011011101
1111111011001000
1111111011100101
1111111100100111
1111111101110110
1111111110111011
1111111111100010
1111111111100111
1111111111010011
1111111110110111
1111111110100101
1111111110101011
1111111111001000
1111111111101111
0000000000001111
0000000000010100
1111111111111000
1111111110111110
1111111101111001
1111111101000001
1111111100101110
1111111101001100
1111111110011000
