00000000000000000
00000000000000000
00000000000000000
00000000000000000
00000000000000000
00000000000000000
00000000000000000
00000000000000000
00000000000000000
00000000000000000
00000000000000000
00000000000000000
11111111111111111
11111111111111111
11111111111111111
11111111111111111
11111111111111111
11111111111111111
11111111111111111
11111111111111111
11111111111111111
11111111111111111
11111111111111110
11111111111111110
11111111111111110
11111111111111110
11111111111111101
11111111111111101
11111111111111101
11111111111111101
11111111111111110
11111111111111111
00000000000000000
00000000000000010
00000000000000100
00000000000000111
00000000000001011
00000000000001111
00000000000010100
00000000000011010
00000000000100001
00000000000101000
00000000000110000
00000000000111000
00000000001000000
00000000001001001
00000000001010001
00000000001011010
00000000001100010
00000000001101001
00000000001110000
00000000001110110
00000000001111100
00000000010000000
00000000010000100
00000000010000111
00000000010001001
00000000010001010
00000000010001010
00000000010001010
00000000010001001
00000000010000111
00000000010000101
00000000010000010
00000000001111111
00000000001111011
00000000001110110
00000000001110010
00000000001101100
00000000001100111
00000000001100001
00000000001011010
00000000001010100
00000000001001101
00000000001000101
00000000000111110
00000000000110110
00000000000101110
00000000000100101
00000000000011101
00000000000010101
00000000000001100
00000000000000011
11111111111111011
11111111111110010
11111111111101001
11111111111100001
11111111111011000
11111111111010000
11111111111001000
11111111111000000
11111111110111001
11111111110110001
11111111110101010
11111111110100011
11111111110011101
11111111110010111
11111111110010010
11111111110001101
11111111110001000
11111111110000100
11111111110000000
11111111101111101
11111111101111010
11111111101111000
11111111101110110
11111111101110101
11111111101110101
11111111101110101
11111111101110101
11111111101110110
11111111101111000
11111111101111010
11111111101111101
11111111110000000
11111111110000100
11111111110001000
11111111110001101
11111111110010010
11111111110010111
11111111110011101
11111111110100100
11111111110101010
11111111110110001
11111111110111001
11111111111000000
11111111111001000
11111111111010000
11111111111011000
11111111111100001
11111111111101001
11111111111110010
11111111111111011
00000000000000011
00000000000001100
00000000000010101
00000000000011101
00000000000100101
00000000000101110
00000000000110110
00000000000111110
00000000001000101
00000000001001100
00000000001010100
00000000001011010
00000000001100001
00000000001100110
00000000001101100
00000000001110001
00000000001110110
00000000001111010
00000000001111110
00000000010000001
00000000010000100
00000000010000110
00000000010000111
00000000010001000
00000000010001001
00000000010001001
00000000010001000
00000000010000111
00000000010000110
00000000010000100
00000000010000001
00000000001111110
00000000001111010
00000000001110110
00000000001110001
00000000001101100
00000000001100111
00000000001100001
00000000001011010
00000000001010100
00000000001001101
00000000001000101
00000000000111110
00000000000110110
00000000000101110
00000000000100110
00000000000011101
00000000000010101
00000000000001100
00000000000000011
11111111111111011
11111111111110010
11111111111101001
11111111111100001
11111111111011000
11111111111010000
11111111111001000
11111111111000000
11111111110111001
11111111110110001
11111111110101010
11111111110100011
11111111110011101
11111111110010111
11111111110010010
11111111110001101
11111111110001000
11111111110000100
11111111110000000
11111111101111101
11111111101111010
11111111101111000
11111111101110111
11111111101110101
11111111101110101
11111111101110101
11111111101110101
11111111101110111
11111111101111000
11111111101111010
11111111101111101
11111111110000000
11111111110000100
11111111110001000
11111111110001101
11111111110010010
11111111110010111
11111111110011101
11111111110100100
11111111110101010
11111111110110001
11111111110111001
11111111111000000
11111111111001000
11111111111010000
11111111111011000
11111111111100001
11111111111101001
11111111111110010
11111111111111011
00000000000000011
00000000000001100
00000000000010101
00000000000011101
00000000000100101
00000000000101110
00000000000110110
00000000000111110
00000000001000101
00000000001001100
00000000001010100
00000000001011010
00000000001100001
00000000001100110
00000000001101100
00000000001110001
00000000001110110
00000000001111010
00000000001111110
00000000010000001
00000000010000100
00000000010000110
00000000010000111
00000000010001000
00000000010001001
00000000010001001
00000000010001000
00000000010000111
00000000010000110
00000000010000100
00000000010000001
00000000001111110
00000000001111010
00000000001110110
00000000001110001
00000000001101100
00000000001100111
00000000001100001
00000000001011010
00000000001010100
00000000001001101
00000000001000101
00000000000111110
00000000000110110
00000000000101110
00000000000100101
00000000000011101
00000000000010101
00000000000001100
00000000000000011
11111111111111011
11111111111110010
11111111111101001
11111111111100001
11111111111011000
11111111111010000
11111111111001000
11111111111000000
11111111110111001
11111111110110001
11111111110101010
11111111110100011
11111111110011101
11111111110010111
11111111110010010
11111111110001101
11111111110001000
11111111110000100
11111111110000000
11111111101111101
11111111101111010
11111111101111000
11111111101110111
11111111101110101
11111111101110101
11111111101110101
11111111101110101
11111111101110111
11111111101111000
11111111101111010
11111111101111101
11111111110000000
11111111110000100
11111111110001000
11111111110001101
11111111110010010
11111111110010111
11111111110011101
11111111110100100
11111111110101010
11111111110110001
11111111110111001
11111111111000000
11111111111001000
11111111111010000
11111111111011000
11111111111100001
11111111111101001
11111111111110010
11111111111111011
00000000000000011
00000000000001100
00000000000010101
00000000000011101
00000000000100101
00000000000101110
00000000000110110
00000000000111110
00000000001000101
00000000001001100
00000000001010100
00000000001011010
00000000001100001
00000000001100110
00000000001101100
00000000001110001
00000000001110110
00000000001111010
00000000001111110
00000000010000001
00000000010000100
00000000010000110
00000000010000111
00000000010001001
00000000010001001
00000000010001001
00000000010001001
00000000010000111
00000000010000110
00000000010000100
00000000010000001
00000000001111110
00000000001111010
00000000001110110
00000000001110001
00000000001101100
00000000001100111
00000000001100001
00000000001011010
00000000001010100
00000000001001101
00000000001000101
00000000000111110
00000000000110110
00000000000101110
00000000000100101
00000000000011101
00000000000010101
00000000000001100
00000000000000011
11111111111111011
11111111111110010
11111111111101001
11111111111100001
11111111111011000
11111111111010000
11111111111001000
11111111111000000
11111111110111001
11111111110110001
11111111110101010
11111111110100011
11111111110011101
11111111110010111
11111111110010010
11111111110001101
11111111110001000
11111111110000100
11111111110000000
11111111101111101
11111111101111010
11111111101111000
11111111101110111
11111111101110101
11111111101110101
11111111101110101
11111111101110101
11111111101110111
11111111101111000
11111111101111010
11111111101111101
11111111110000000
11111111110000100
11111111110001000
11111111110001101
11111111110010010
11111111110010111
11111111110011101
11111111110100100
11111111110101010
11111111110110001
11111111110111001
11111111111000000
11111111111001000
11111111111010000
11111111111011000
11111111111100001
11111111111101001
11111111111110010
11111111111111011
00000000000000011
00000000000001100
00000000000010101
00000000000011101
00000000000100101
00000000000101110
00000000000110110
00000000000111110
00000000001000101
00000000001001100
00000000001010100
00000000001011010
00000000001100001
00000000001100110
00000000001101100
00000000001110001
00000000001110110
00000000001111010
00000000001111110
00000000010000001
00000000010000100
00000000010000110
00000000010000111
00000000010001001
00000000010001001
00000000010001001
00000000010001001
00000000010000111
00000000010000110
00000000010000100
00000000010000001
00000000001111110
00000000001111010
00000000001110110
00000000001110001
00000000001101100
00000000001100111
00000000001100001
00000000001011010
00000000001010100
00000000001001101
00000000001000101
00000000000111110
00000000000110110
00000000000101110
00000000000100101
00000000000011101
00000000000010101
00000000000001100
00000000000000011
11111111111111011
11111111111110010
11111111111101001
11111111111100001
11111111111011000
11111111111010000
11111111111001000
11111111111000000
11111111110111001
11111111110110001
11111111110101010
11111111110100011
11111111110011101
11111111110010111
11111111110010010
